Method: Case B (per row)
row = 10 col = 10
threads = 10 time in microseconds= 508us, time in seconds = 0s
415.000   430.000   445.000   460.000   475.000   490.000   505.000   520.000   535.000   550.000   
940.000   980.000   1020.000   1060.000   1100.000   1140.000   1180.000   1220.000   1260.000   1300.000   
1465.000   1530.000   1595.000   1660.000   1725.000   1790.000   1855.000   1920.000   1985.000   2050.000   
1990.000   2080.000   2170.000   2260.000   2350.000   2440.000   2530.000   2620.000   2710.000   2800.000   
2515.000   2630.000   2745.000   2860.000   2975.000   3090.000   3205.000   3320.000   3435.000   3550.000   
3040.000   3180.000   3320.000   3460.000   3600.000   3740.000   3880.000   4020.000   4160.000   4300.000   
3565.000   3730.000   3895.000   4060.000   4225.000   4390.000   4555.000   4720.000   4885.000   5050.000   
4090.000   4280.000   4470.000   4660.000   4850.000   5040.000   5230.000   5420.000   5610.000   5800.000   
4615.000   4830.000   5045.000   5260.000   5475.000   5690.000   5905.000   6120.000   6335.000   6550.000   
5140.000   5380.000   5620.000   5860.000   6100.000   6340.000   6580.000   6820.000   7060.000   7300.000   
